NA18526	1|0	0.010648,0.957704,0.031648
NA18537	1|1	0,0.000999987,0.999
NA18550	0|0	1,0,0
NA18555	1|1	0.009756,0.287488,0.702756
NA18562	1|0	0.00618803,0.878624,0.115188
NA18563	1|1	3.60001e-05,0.012928,0.987036
NA18582	1|0	0.011628,0.957744,0.030628
NA18603	1|1	5.99996e-06,0.004988,0.995006
NA18606	1|1	0.001625,0.08675,0.911625
NA18621	1|0	0.055845,0.72631,0.217845
NA18622	1|1	9.20002e-05,0.026816,0.973092
NA18628	1|0	0.00729298,0.659414,0.333293
NA18632	1|1	0,0.479,0.521
NA18636	0|1	0,0.998,0.002
NA18647	1|1	0,0.025,0.975
NA18942	1|1	0.000257999,0.048484,0.951258
NA18945	1|0	0.000999987,0.999,0
NA18947	1|1	0,0.005,0.995
NA18951	1|1	0,0.00400001,0.996
NA18952	1|1	0,0.323,0.677
NA18953	1|0	0,0.941,0.059
NA18956	1|1	9.99986e-06,0.00697997,0.99301
NA18965	1|1	5.20002e-05,0.016896,0.983052
NA18970	1|1	0.000479999,0.04304,0.95648
NA18973	1|1	0,0.02,0.98
NA18977	1|1	0,0.481,0.519
NA18987	0|1	0.01998,0.97904,0.00098
NA18990	1|0	0,0.984,0.016
NA18995	1|1	0,0.00199997,0.998
NA19003	1|1	0,0,1
NA19010	1|1	0,0,1
