Samples	Result	ImpGenos	Experimental
NA18498	NN	0	0
NA18502	II	1/1	0/1
NA18505	II	1/1	0/1
NA18507	II	1	1
NA18508	II	1/1	1/1
NA18517	II	1/1	0/1
NA18519	NN	0	0
NA18867	NN	0/0	0/1
NA18870	II	1/1	1/1
NA18910	II	1	1
NA19092	II	1	1
NA19098	NN	0	0
NA19099	NI	0/1	1/1
NA19102	NN	0/0	0/1
NA19108	NN	0/0	0/1
NA19118	NI	0/1	0/0
NA19119	II	1	1
NA19129	NN	0/0	0/0
NA19130	NN	0	0
NA19141	NN	0	0
NA19146	NN	0	1
NA19150	NN	0	0
NA19152	NI	0/1	1/1
NA19160	NN	0	1
NA19171	II	1	1
NA19189	II	1	0
NA19204	NI	0/1	0/1
NA19206	NI	0/1	0/1
NA19207	II	1	0
NA19209	II	1/1	1/1
NA19213	NN	0	0
NA19240	NN	0/0	0/0
