NA18526	0|1	0.027,0.973,0
NA18532	0|1	0,0.999,0.001
NA18537	0|0	0.995004,0.004992,4e-06
NA18542	1|1	0.000165,0.02567,0.974165
NA18545	1|1	4.80002e-05,0.015904,0.984048
NA18547	1|0	0.02,0.98,0
NA18550	1|1	0.000996002,0.093008,0.905996
NA18552	1|1	0,0.025,0.975
NA18555	1|1	0.000296999,0.037406,0.962297
NA18558	1|1	7.99991e-06,0.008984,0.991008
NA18561	0|1	0.012,0.988,0
NA18562	0|1	0.00699303,0.992014,0.000993
NA18563	1|1	8.99989e-06,0.00998199,0.990009
NA18564	0|1	0.024,0.976,0
NA18566	1|1	3.59998e-05,0.011928,0.988036
NA18570	1|1	2.4e-05,0.00995199,0.990024
NA18571	1|1	1.99995e-06,0.00299596,0.997002
NA18572	0|1	0.025948,0.972104,0.001948
NA18573	0|0	1,0,0
NA18577	1|1	0,0.00300002,0.997
NA18579	1|1	0,0.00700003,0.993
NA18582	0|1	0.00599398,0.993012,0.000994
NA18592	0|1	0.034965,0.96407,0.000965
NA18593	1|1	8.8e-05,0.018824,0.981088
NA18603	1|1	4.39995e-05,0.044912,0.955044
NA18605	1|1	4.99993e-06,0.00598998,0.994005
NA18608	1|1	0.00034,0.03632,0.96334
NA18609	1|1	6.99994e-06,0.00798602,0.992007
NA18611	1|1	0,0,1
NA18612	1|1	0,0.00999999,0.99
NA18620	1|1	0.000594001,0.047812,0.951594
NA18621	1|1	0,0,1
NA18622	1|0	0,1,0
NA18623	0|1	0.00399201,0.994016,0.001992
NA18624	1|1	2.39997e-05,0.013952,0.986024
NA18632	0|0	1,0,0
NA18633	1|1	0,0,1
NA18635	1|1	0,0.00999999,0.99
NA18636	1|1	0,0,1
NA18637	0|0	1,0,0
NA18940	1|1	0,0.00199997,0.998
NA18942	1|1	9.99974e-07,0.00199797,0.998001
NA18943	0|1	0,0.999,0.001
NA18944	1|1	0,0.015,0.985
NA18945	0|0	0.999,0.001,0
NA18947	1|1	0.000154,0.024692,0.975154
NA18948	1|1	0,0,1
NA18949	1|1	0,0.034,0.966
NA18951	1|0	0.015,0.985,0
NA18952	1|1	9.99974e-07,0.00199797,0.998001
NA18953	1|1	1.20001e-05,0.00697603,0.993012
NA18956	1|1	5.49998e-05,0.01589,0.984055
NA18959	0|1	0,0.997,0.003
NA18960	1|1	0,0.018,0.982
NA18961	1|1	0,0.017,0.983
NA18964	1|1	0.000114001,0.040772,0.959114
NA18965	1|0	0.013,0.987,0
NA18966	1|1	8.99989e-06,0.00998199,0.990009
NA18967	0|1	0,0.999,0.001
NA18968	1|1	0,0.029,0.971
NA18969	1|0	0.004985,0.99203,0.002985
NA18970	1|1	3.99996e-06,0.004992,0.995004
NA18971	0|1	0.017,0.983,0
NA18972	1|1	5.70004e-05,0.021886,0.978057
NA18973	1|0	0.000999987,0.999,0
NA18974	1|0	0.012,0.988,0
NA18975	1|0	0.015,0.985,0
NA18976	0|1	0.025,0.975,0
NA18978	1|1	0,0.045,0.955
NA18980	0|1	0,0.999,0.001
NA18981	1|1	0,0.00400001,0.996
NA18987	0|1	0.00199997,0.998,0
NA18990	0|0	1,0,0
NA18991	1|1	0.000425,0.04115,0.958425
NA18992	1|1	0,0.00400001,0.996
NA18994	0|1	0,1,0
NA18995	0|1	0,1,0
NA18997	1|1	0,0.026,0.974
NA18998	1|1	5.99996e-06,0.004988,0.995006
NA18999	1|1	2.80002e-05,0.010944,0.989028
NA19000	1|1	0.000112,0.031776,0.968112
NA19003	1|1	1.39999e-05,0.008972,0.991014
NA19005	1|1	0.000108,0.030784,0.969108
NA19007	0|1	0.012,0.988,0
NA19012	1|1	0,0,1
