NA18526	0|1	0,0.86,0.14
NA18537	0|1	0.00300002,0.997,0
NA18550	1|0	0.476046,0.522908,0.001046
NA18555	0|1	0.015952,0.981096,0.002952
NA18562	1|1	2.5e-05,0.00994999,0.990025
NA18563	0|0	0.519841,0.402318,0.077841
NA18582	1|0	0,1,0
NA18603	0|0	1,0,0
NA18606	1|1	9.00013e-06,0.00598204,0.994009
NA18621	1|1	0.110889,0.444222,0.444889
NA18622	1|1	0.000399999,0.0392,0.9604
NA18628	1|1	0.00036,0.03728,0.96236
NA18632	1|1	6.40003e-05,0.015872,0.984064
NA18636	0|0	1,0,0
NA18647	1|1	9.00013e-06,0.00598204,0.994009
NA18942	0|1	0.022908,0.973184,0.003908
NA18945	0|0	1,0,0
NA18947	1|0	0.081576,0.851848,0.066576
NA18951	1|1	0.011571,0.404858,0.583571
NA18952	1|1	0,0,1
NA18953	0|0	1,0,0
NA18956	0|0	0.937,0.063,0
NA18965	1|1	3.9999e-06,0.00399195,0.996004
NA18970	1|1	3.9999e-06,0.00399195,0.996004
NA18973	0|1	0.00599998,0.994,0
NA18977	1|1	0.015376,0.217248,0.767376
NA18987	1|1	0,0.02,0.98
NA18990	1|1	0.182329,0.489342,0.328329
NA18995	0|0	1,0,0
NA19003	0|0	0.985026,0.014948,2.6e-05
NA19010	1|0	0,0.998,0.002
