NA18498	0|1	0,1,0
NA18502	1|1	9.99974e-07,0.00199797,0.998001
NA18505	1|1	0,0.00599998,0.994
NA18507	1|1	0,0,1
NA18508	0|0	0.944,0.056,0
NA18517	1|1	0,0,1
NA18519	0|1	0.186,0.814,0
NA18867	1|1	0,0,1
NA18870	1|0	0,0.973,0.027
NA18910	0|1	0.2249,0.5672,0.2079
NA19092	1|1	0,0.048,0.952
NA19098	0|1	0.000998987,0.998002,0.000999
NA19099	0|0	0.758,0.242,0
NA19102	1|0	0,0.956,0.044
NA19108	1|0	0.00870401,0.511592,0.479704
NA19118	1|0	0.018,0.982,0
NA19119	0|0	0.997,0.003,0
NA19129	0|1	0.009,0.991,0
NA19130	1|0	0.140718,0.857564,0.001718
NA19141	1|1	0.000113999,0.114772,0.885114
NA19146	0|1	0.000997987,0.997004,0.001998
NA19150	1|0	0.00300002,0.997,0
NA19152	1|1	0,0,1
NA19160	0|1	0,1,0
NA19171	1|0	0,1,0
NA19189	0|1	0,0.999,0.001
NA19204	1|0	0.314,0.686,0
NA19206	1|1	0,0.00400001,0.996
NA19207	1|1	0.000285002,0.0974301,0.902285
NA19209	0|0	1,0,0
NA19213	0|1	0.00199997,0.998,0
NA19240	0|0	0.966033,0.033934,3.3e-05
NA11829	0|0	1,0,0
NA11830	0|0	0.495087,0.417826,0.087087
NA11831	1|0	0,1,0
NA11832	0|1	0.49,0.51,0
NA11840	1|0	0.000999987,0.999,0
NA11881	1|1	0.001564,0.105872,0.892564
NA11994	0|0	0.999,0.001,0
NA11995	1|0	0,0.787,0.213
NA12004	0|0	0.694,0.306,0
NA12005	0|0	1,0,0
NA12043	0|1	0,1,0
NA12044	0|0	1,0,0
NA12144	0|0	0.998,0.002,0
NA12154	0|0	0.863,0.137,0
NA12155	0|1	0.091,0.909,0
NA12156	1|0	0,0.999,0.001
NA12234	1|0	0.00400001,0.996,0
NA12717	0|1	0,1,0
NA12750	0|1	0,0.999,0.001
NA12760	1|0	0.061362,0.914276,0.024362
NA12762	0|0	1,0,0
NA12763	0|0	0.961,0.039,0
NA12812	0|0	0.997,0.003,0
NA12813	0|1	0.197208,0.799584,0.003208
NA12814	1|0	0,1,0
NA12815	0|0	0.998,0.002,0
NA12872	1|0	0.066,0.934,0
NA12873	0|1	0.00934999,0.9263,0.06435
NA12874	1|1	0,0.00199997,0.998
NA12878	0|0	0.997,0.003,0
NA18526	0|1	0.010362,0.932276,0.057362
NA18537	1|0	0.421578,0.577844,0.000578
NA18550	1|0	0,1,0
NA18555	1|1	1.99995e-06,0.00299596,0.997002
NA18562	0|1	0.000999987,0.999,0
NA18563	1|1	0.009292,0.408416,0.582292
NA18582	1|1	0.00318,0.10664,0.89018
NA18603	0|1	0.000937988,0.937124,0.061938
NA18606	1|1	4e-05,0.01292,0.98704
NA18621	0|1	0.418,0.582,0
NA18622	1|1	0.00159,0.0798199,0.91859
NA18628	1|1	0.004512,0.202976,0.792512
NA18632	1|1	0.000192,0.051616,0.948192
NA18636	0|1	0.00300002,0.997,0
NA18647	1|1	0.000272,0.041456,0.958272
NA18942	0|1	0,1,0
NA18945	1|0	0.038376,0.900248,0.061376
NA18947	1|1	0,0,1
NA18951	1|0	0.00300002,0.997,0
NA18952	1|1	0.00108001,0.36084,0.63808
NA18953	0|1	0,0.988,0.012
NA18956	0|0	0.448788,0.451424,0.099788
NA18965	1|1	0,0.054,0.946
NA18970	1|1	3.99994e-05,0.02192,0.97804
NA18973	1|1	0.001016,0.255968,0.743016
NA18977	1|1	0.000242997,0.243514,0.756243
NA18987	1|1	0.000228,0.030544,0.969228
NA18990	1|1	0,0.017,0.983
NA18995	1|1	1.99995e-06,0.00299596,0.997002
NA19003	1|1	0,0.009,0.991
NA19010	1|1	0,0,1
