NA06985	1|1	0.000124,0.034752,0.965124
NA06994	0|0	0.948595,0.05081,0.000595
NA07000	0|0	0.893,0.107,0
NA07048	0|1	0.005,0.995,0
NA07056	0|0	0.596,0.404,0
NA07357	0|1	0,1,0
NA10847	0|0	0.929138,0.070724,0.000138
NA10851	0|0	0.992,0.008,0
NA11829	0|0	0.984,0.016,0
NA11830	0|0	0.994005,0.00599,5e-06
NA11831	0|1	0.078,0.922,0
NA11832	0|0	0.999,0.001,0
NA11840	1|0	0.011726,0.531548,0.456726
NA11881	0|0	0.919,0.081,0
NA11992	0|1	0.017982,0.981036,0.000982
NA11994	0|1	0.031,0.969,0
NA12003	1|0	0.019,0.981,0
NA12004	0|1	0.012,0.988,0
NA12005	1|1	0,0.014,0.986
NA12006	0|1	0.00599398,0.993012,0.000994
NA12043	0|0	0.99,0.01,0
NA12044	1|0	0.011,0.989,0
NA12144	0|1	0.018,0.982,0
NA12154	0|1	0.00300002,0.997,0
NA12155	1|0	0.00400001,0.996,0
NA12156	0|1	0.014985,0.98403,0.000985
NA12234	0|0	0.997002,0.002996,2e-06
NA12716	0|0	0.995,0.005,0
NA12717	0|1	0.010934,0.983132,0.005934
NA12751	1|0	0.130857,0.720286,0.148857
NA12760	1|0	0.012684,0.894632,0.092684
NA12761	1|0	0,0.999,0.001
NA12762	1|0	0.086913,0.912174,0.000913
NA12763	1|0	0.000997987,0.997004,0.001998
NA12812	0|0	1,0,0
NA12813	0|1	0.023,0.977,0
NA12814	0|0	0.999,0.001,0
NA12815	0|1	0.081918,0.917164,0.000918
NA12872	1|1	3.99996e-06,0.004992,0.995004
NA12873	1|1	0,0.221,0.779
NA12874	0|1	0.01462,0.72176,0.26362
NA12878	0|1	0.00700003,0.993,0
NA20502	1|0	0,1,0
NA20504	1|1	3.60003e-05,0.014928,0.985036
NA20505	0|0	0.980064,0.019872,6.4e-05
NA20506	0|0	0.995004,0.004992,4e-06
NA20508	0|1	0.00699303,0.992014,0.000993
NA20509	0|1	0,1,0
NA20512	1|1	0,0.00700003,0.993
NA20515	0|1	0.21199,0.59702,0.19099
NA20516	1|1	0.00261,0.26578,0.73161
NA20517	1|0	0.005715,0.63257,0.361715
NA20518	0|0	0.995006,0.004988,6e-06
NA20519	1|0	0.000976987,0.976046,0.022977
NA20520	0|1	0.029,0.971,0
NA20521	0|1	0.019,0.981,0
NA20522	0|0	0.975,0.025,0
NA20527	1|1	4.99993e-06,0.00598998,0.994005
NA20534	1|1	6.40003e-05,0.015872,0.984064
NA20535	0|1	0.00499,0.99302,0.00199
NA20538	1|1	0.000168001,0.028664,0.971168
NA20539	1|0	0.00199997,0.998,0
NA20540	1|1	0,0.005,0.995
NA20541	0|0	1,0,0
NA20542	1|0	0.015,0.985,0
NA20543	0|0	0.992012,0.007976,1.2e-05
NA20544	1|0	0.00800002,0.992,0
NA20581	1|1	1.69998e-05,0.017966,0.982017
NA20582	1|1	2.99998e-06,0.00399401,0.996003
NA20585	1|0	0.009,0.991,0
NA20589	0|0	0.998001,0.001998,1e-06
NA20752	1|1	2e-05,0.00896,0.99102
NA20753	1|1	6.59997e-05,0.016868,0.983066
NA20754	0|1	0.00298802,0.993024,0.003988
NA20755	1|1	0,0.011,0.989
NA20756	1|1	0.000171,0.027658,0.972171
NA20757	1|1	0,0.00400001,0.996
NA20758	0|1	0.015,0.985,0
NA20759	1|1	0,0.00400001,0.996
NA20760	1|1	0,0.00999999,0.99
NA20761	1|0	0.01656,0.70988,0.27356
NA20765	0|0	1,0,0
NA20766	1|0	0.00997999,0.98804,0.00198
NA20768	0|1	0.013804,0.801392,0.184804
NA20769	1|1	2.09998e-05,0.021958,0.978021
NA20770	0|1	0.011,0.989,0
NA20771	0|0	1,0,0
NA20772	1|1	0.000114,0.024772,0.975114
NA20775	1|0	0,1,0
NA20778	1|1	0,0.00800002,0.992
NA20783	1|1	3.19995e-05,0.0179359,0.982032
NA20786	1|0	0,0.949,0.051
NA20790	1|1	3.50001e-05,0.01193,0.988035
NA20796	0|1	0.022792,0.516416,0.460792
NA20797	1|1	0,0.014,0.986
NA20799	0|0	0.994,0.006,0
NA20800	1|0	0.037,0.963,0
NA20801	1|1	0,0.000999987,0.999
NA20802	0|1	0.00297902,0.990042,0.006979
NA20803	1|1	5.60001e-05,0.017888,0.982056
NA20804	1|1	0.00021,0.04058,0.95921
NA20807	1|1	0,0.023,0.977
NA20808	1|1	0.000273001,0.045454,0.954273
NA20813	1|1	5.70004e-05,0.021886,0.978057
NA20818	1|1	0,0.00300002,0.997
NA20819	1|1	0.008188,0.362624,0.629188
NA20826	1|0	0.02364,0.96172,0.01464
NA20828	0|0	0.998,0.002,0
