NA18526	1|1	0.000109999,0.05678,0.94311
NA18532	1|1	0.000132,0.022736,0.977132
NA18537	1|1	3.60001e-05,0.012928,0.987036
NA18542	1|1	0,0.00300002,0.997
NA18545	1|0	0.00599398,0.993012,0.000994
NA18547	1|1	2.80002e-05,0.010944,0.989028
NA18550	1|1	0.000408,0.040184,0.959408
NA18552	0|1	0,0.998,0.002
NA18555	0|0	1,0,0
NA18558	1|1	0,0.00199997,0.998
NA18561	1|0	0,0.884,0.116
NA18562	1|1	4.99993e-06,0.00598998,0.994005
NA18563	1|0	0.00598798,0.992024,0.001988
NA18564	1|1	0,0.015,0.985
NA18566	1|1	0.000115,0.02777,0.972115
NA18570	1|1	5.99996e-06,0.004988,0.995006
NA18571	1|0	0.000903988,0.903192,0.095904
NA18572	1|1	0,0.018,0.982
NA18573	1|1	2.19997e-05,0.012956,0.987022
NA18577	1|1	2.99998e-06,0.00399401,0.996003
NA18579	0|1	0.00800002,0.992,0
NA18582	1|1	0,0.00400001,0.996
NA18592	0|1	0.014865,0.97627,0.008865
NA18593	1|1	0.00011,0.02078,0.97911
NA18603	1|1	0,0.000999987,0.999
NA18605	1|1	0,0.012,0.988
NA18608	0|1	0.011,0.989,0
NA18609	1|1	0.0015,0.082,0.9165
NA18611	1|0	0,1,0
NA18612	1|1	1.69998e-05,0.017966,0.982017
NA18620	1|1	0.000315,0.03537,0.964315
NA18621	1|1	0,0.00599998,0.994
NA18622	1|1	0,0.000999987,0.999
NA18623	1|1	1.29998e-05,0.013974,0.986013
NA18624	1|1	0,0.00800002,0.992
NA18632	0|1	0.012,0.988,0
NA18633	1|1	0.000195,0.02761,0.972195
NA18635	1|0	0.00693003,0.98314,0.00993
NA18636	1|1	0,0.038,0.962
NA18637	1|1	2.59997e-05,0.026948,0.973026
NA18940	1|0	0.06039,0.93022,0.00939
NA18942	1|1	0,0,1
NA18943	1|1	0,0.00199997,0.998
NA18944	1|1	0,0.016,0.984
NA18945	0|0	1,0,0
NA18947	1|0	0,1,0
NA18948	1|1	7.20002e-05,0.021856,0.978072
NA18949	1|0	0.024875,0.97025,0.004875
NA18951	0|1	0.00300002,0.997,0
NA18952	1|0	0.000999987,0.999,0
NA18953	1|1	2.09998e-05,0.021958,0.978021
NA18956	1|0	0.00199997,0.998,0
NA18959	1|1	0,0.000999987,0.999
NA18960	1|0	0.00400001,0.996,0
NA18961	1|1	0,0.000999987,0.999
NA18964	1|1	0,0.02,0.98
NA18965	0|1	0.022,0.978,0
NA18966	1|1	0,0.009,0.991
NA18967	1|1	1.50001e-05,0.00797002,0.992015
NA18968	1|1	0,0.023,0.977
NA18969	1|1	0,0,1
NA18970	1|1	0,0.005,0.995
NA18971	1|1	0,0.023,0.977
NA18972	1|1	0,0.029,0.971
NA18973	1|1	6.19992e-05,0.062876,0.937062
NA18974	1|1	0,0.00300002,0.997
NA18975	1|1	0,0,1
NA18976	1|1	0.000959999,0.06008,0.93896
NA18978	0|1	0.000999987,0.999,0
NA18980	1|1	4.99993e-05,0.0269,0.97305
NA18981	1|1	2.40002e-05,0.010952,0.989024
NA18987	0|1	0,0.998,0.002
NA18990	1|1	0.000203001,0.035594,0.964203
NA18991	1|1	3.99996e-06,0.004992,0.995004
NA18992	0|0	1,0,0
NA18994	1|1	0.00045,0.0421,0.95745
NA18995	1|1	8.59989e-05,0.044828,0.955086
NA18997	1|1	0,0.00800002,0.992
NA18998	1|1	0,0.00700003,0.993
NA18999	1|0	0.00399201,0.994016,0.001992
NA19000	1|1	0,0.00400001,0.996
NA19003	1|1	0,0,1
NA19005	1|1	3.59998e-05,0.011928,0.988036
NA19007	1|1	2.99998e-06,0.00399401,0.996003
NA19012	1|1	0.000224,0.035552,0.964224
