NA18526	0|1	0.000951988,0.951096,0.047952
NA18532	1|1	0.000156,0.024688,0.975156
NA18537	0|1	0.000999987,0.999,0
NA18547	0|1	0.044865,0.95227,0.002865
NA18550	1|0	0.00400001,0.996,0
NA18555	0|1	0,1,0
NA18561	0|0	1,0,0
NA18562	0|0	1,0,0
NA18563	0|1	0,1,0
NA18566	0|0	1,0,0
NA18572	1|1	8.40003e-05,0.024832,0.975084
NA18577	1|1	0.000119001,0.023762,0.976119
NA18582	1|0	0.010978,0.987044,0.001978
NA18603	0|0	1,0,0
NA18605	0|0	1,0,0
NA18606	1|1	0,0.012,0.988
NA18621	1|0	0.010989,0.988022,0.000989
NA18622	0|1	0.00699303,0.992014,0.000993
NA18628	1|0	0.005,0.995,0
NA18632	0|1	0.00199997,0.998,0
NA18636	1|0	0.014,0.986,0
NA18647	0|1	0.00199997,0.998,0
NA18942	0|1	0.000998987,0.998002,0.000999
NA18943	1|1	0.000212,0.056576,0.943212
NA18945	0|0	0.996,0.004,0
NA18947	1|1	0,0.029,0.971
NA18949	0|0	1,0,0
NA18951	1|1	0.000272,0.032456,0.967272
NA18952	1|1	5.99991e-06,0.00698797,0.993006
NA18953	1|0	0.005,0.995,0
NA18956	0|1	0,1,0
NA18964	1|1	0.00015,0.0247,0.97515
NA18965	0|1	0.00400001,0.996,0
NA18970	0|0	0.994005,0.00599,5e-06
NA18973	1|1	4.99993e-06,0.00598998,0.994005
NA18974	0|1	0,1,0
NA18977	1|0	0,1,0
NA18980	1|0	0.022885,0.97223,0.004885
NA18987	1|1	1.19999e-05,0.012976,0.987012
NA18990	0|0	0.997002,0.002996,2e-06
NA18994	1|0	0,0.999,0.001
NA18995	0|1	0.00300002,0.997,0
NA19000	1|1	0,0.00199997,0.998
NA19003	1|0	0,0.999,0.001
NA19010	0|1	0.000999987,0.999,0
