NA18526	1|1	0,0.031,0.969
NA18532	1|1	3.60001e-05,0.012928,0.987036
NA18537	1|1	2.09998e-05,0.021958,0.978021
NA18542	1|1	0,0,1
NA18545	0|1	0.023,0.977,0
NA18547	1|1	4.99999e-05,0.0149,0.98505
NA18550	1|1	2.99998e-06,0.00399401,0.996003
NA18552	1|0	0.00400001,0.996,0
NA18555	0|0	0.987,0.013,0
NA18558	1|1	0,0.00300002,0.997
NA18561	1|1	0,0,1
NA18562	1|1	6.19992e-05,0.032876,0.967062
NA18563	0|1	0.00700003,0.993,0
NA18564	1|1	0,0.00400001,0.996
NA18566	1|1	0.000794999,0.06641,0.932795
NA18570	1|1	2.10002e-05,0.00995805,0.990021
NA18571	0|1	0.00999999,0.99,0
NA18572	1|1	9.99974e-07,0.00199797,0.998001
NA18573	1|1	0.000528001,0.0549441,0.944528
NA18577	1|1	2.10002e-05,0.00995805,0.990021
NA18579	1|0	0.00800002,0.992,0
NA18582	1|1	6.30003e-05,0.015874,0.984063
NA18592	1|0	0.009,0.991,0
NA18593	1|1	1.59998e-05,0.016968,0.983016
NA18603	1|1	0,0.009,0.991
NA18605	1|1	9.99986e-06,0.01098,0.98901
NA18608	1|0	0.00300002,0.997,0
NA18609	1|1	0.00014,0.02372,0.97614
NA18611	1|0	0,0.997,0.003
NA18612	1|1	0,0.00599998,0.994
NA18620	1|1	0.000208,0.028584,0.971208
NA18621	1|1	8.10006e-05,0.029838,0.970081
NA18622	1|1	5.99998e-05,0.01588,0.98406
NA18623	1|1	1.89997e-05,0.019962,0.980019
NA18624	1|1	0.000369,0.049262,0.950369
NA18632	1|0	0.022,0.978,0
NA18633	1|1	0,0.00300002,0.997
NA18635	1|0	0,0.98,0.02
NA18636	1|1	0.000525,0.04895,0.950525
NA18637	1|1	0,0.00400001,0.996
NA18940	0|1	0.024,0.976,0
NA18942	1|1	0,0.00700003,0.993
NA18943	1|1	0,0.00400001,0.996
NA18944	1|1	3.99996e-06,0.004992,0.995004
NA18945	0|0	1,0,0
NA18947	1|0	0.00999999,0.99,0
NA18948	1|1	0,0.000999987,0.999
NA18949	1|0	0.01494,0.98112,0.00394
NA18951	0|1	0,0.984,0.016
NA18952	1|0	0,0.997,0.003
NA18953	1|1	0.000756,0.058488,0.940756
NA18956	1|0	0.022954,0.975092,0.001954
NA18959	1|1	0,0.019,0.981
NA18960	0|1	0.00698603,0.991028,0.001986
NA18961	1|1	5.99996e-06,0.004988,0.995006
NA18964	1|1	0,0.00300002,0.997
NA18965	1|0	0.011988,0.987024,0.000988
NA18966	1|1	5.99991e-06,0.00698797,0.993006
NA18967	1|1	0,0.225,0.775
NA18968	1|1	0,0.018,0.982
NA18969	1|1	3.49996e-05,0.03593,0.964035
NA18970	1|1	0,0.000999987,0.999
NA18971	1|1	3.20001e-05,0.011936,0.988032
NA18972	1|1	0,0.00300002,0.997
NA18973	1|1	2.99998e-06,0.00399401,0.996003
NA18974	1|1	9.99974e-07,0.00199797,0.998001
NA18975	1|1	0,0.00800002,0.992
NA18976	1|1	9.99986e-06,0.01098,0.98901
NA18978	1|0	0.00194997,0.9731,0.02495
NA18980	1|1	0.000125,0.02975,0.970125
NA18981	1|1	0.000108,0.030784,0.969108
NA18987	1|0	0.012,0.988,0
NA18990	1|1	0.000554999,0.05089,0.948555
NA18991	1|1	0,0,1
NA18992	0|0	0.998,0.002,0
NA18994	1|1	0.00019,0.02862,0.97119
NA18995	1|1	0,0.00300002,0.997
NA18997	1|1	0,0.00300002,0.997
NA18998	1|1	5.79993e-05,0.058884,0.941058
NA18999	1|0	0.000998987,0.998002,0.000999
NA19000	1|1	9.99974e-07,0.00199797,0.998001
NA19003	1|1	7.99991e-06,0.00598398,0.994008
NA19005	1|1	0,0.00199997,0.998
NA19007	1|1	2.40002e-05,0.010952,0.989024
NA19012	1|1	4.39995e-05,0.023912,0.976044
