NA18526	1|1	0,0,1
NA18532	1|1	1.39999e-05,0.008972,0.991014
NA18537	1|1	8.5e-05,0.02183,0.978085
NA18542	1|1	0,0.00300002,0.997
NA18545	1|1	3.19995e-05,0.0179359,0.982032
NA18547	1|1	5.99991e-06,0.00698797,0.993006
NA18550	1|1	1.29998e-05,0.013974,0.986013
NA18552	1|1	0,0.018,0.982
NA18555	1|1	1.19998e-05,0.00797596,0.992012
NA18558	1|1	4e-05,0.01292,0.98704
NA18561	1|1	2.4e-05,0.00995199,0.990024
NA18562	1|1	0.000695999,0.051608,0.947696
NA18563	1|1	8.99997e-05,0.02082,0.97909
NA18564	1|1	0.000196001,0.034608,0.965196
NA18566	1|1	4.8e-05,0.013904,0.986048
NA18570	1|1	3.99996e-06,0.004992,0.995004
NA18571	1|1	0,0.011,0.989
NA18572	1|1	0,0.013,0.987
NA18573	1|1	0,0.005,0.995
NA18577	1|1	3.90003e-05,0.015922,0.984039
NA18579	1|1	0.000203001,0.035594,0.964203
NA18582	1|1	1.50001e-05,0.00797002,0.992015
NA18592	1|1	0,0.00300002,0.997
NA18593	1|1	3.50001e-05,0.01193,0.988035
NA18603	1|1	0,0.024,0.976
NA18605	1|1	8.80002e-05,0.025824,0.974088
NA18608	1|1	8.40005e-05,0.0188321,0.981084
NA18609	1|1	1.20001e-05,0.00697603,0.993012
NA18611	1|1	4.99993e-06,0.00598998,0.994005
NA18612	1|1	0,0.021,0.979
NA18620	1|1	0.000205,0.04559,0.954205
NA18621	1|1	0,0,1
NA18622	0|1	0.000999987,0.999,0
NA18623	1|1	2.39997e-05,0.013952,0.986024
NA18624	1|1	0,0.031,0.969
NA18632	1|1	0,0,1
NA18633	1|1	7.19999e-05,0.017856,0.982072
NA18635	1|1	0.00013,0.02274,0.97713
NA18636	1|0	0.00197397,0.985052,0.012974
NA18637	1|1	0,0.012,0.988
NA18940	1|1	3.9999e-06,0.00399195,0.996004
NA18942	1|1	9.99986e-06,0.00697997,0.99301
NA18943	1|1	8.99989e-06,0.00998199,0.990009
NA18944	1|1	2.79996e-05,0.015944,0.984028
NA18945	1|1	2.10002e-05,0.00995805,0.990021
NA18947	1|1	2.19997e-05,0.022956,0.977022
NA18948	1|1	0,0.00800002,0.992
NA18949	1|1	0,0.009,0.991
NA18951	1|1	0.001078,0.088844,0.910078
NA18952	1|1	0.000117,0.021766,0.978117
NA18953	0|1	0,0.999,0.001
NA18956	1|1	8.10006e-05,0.029838,0.970081
NA18959	1|1	0,0.00300002,0.997
NA18960	1|1	0,0.005,0.995
NA18961	1|1	3.9999e-06,0.00399195,0.996004
NA18964	1|1	0.000279,0.039442,0.960279
NA18965	1|1	1.99997e-05,0.01196,0.98802
NA18966	1|1	0,0.022,0.978
NA18967	1|1	0.00011,0.02078,0.97911
NA18968	1|1	0,0.053,0.947
NA18969	1|1	0.000216001,0.034568,0.965216
NA18970	0|1	0.000999987,0.999,0
NA18971	1|1	4.20001e-05,0.012916,0.987042
NA18972	1|1	3.99996e-06,0.004992,0.995004
NA18973	1|1	5.49998e-05,0.01589,0.984055
NA18974	1|1	0,0,1
NA18975	1|1	0,0.024,0.976
NA18976	1|1	1.19998e-05,0.00797596,0.992012
NA18978	0|1	0,1,0
NA18980	1|1	0,0.00199997,0.998
NA18981	1|1	0,0.051,0.949
NA18987	1|1	0.000189,0.029622,0.970189
NA18990	0|1	0.00400001,0.996,0
NA18991	1|1	0,0.06,0.94
NA18992	1|0	0.00598798,0.992024,0.001988
NA18994	1|1	2.39997e-05,0.013952,0.986024
NA18995	1|1	4.4e-05,0.014912,0.985044
NA18997	1|1	1.80001e-05,0.008964,0.991018
NA18998	1|1	9.99986e-06,0.01098,0.98901
NA18999	1|1	3.30002e-05,0.013934,0.986033
NA19000	1|1	2.99996e-05,0.01694,0.98303
NA19003	1|1	1.99995e-06,0.00299596,0.997002
NA19005	1|1	0,0,1
NA19007	1|1	0,0,1
NA19012	1|1	0.000105,0.02579,0.974105
