NA18526	0|1	0.010362,0.932276,0.057362
NA18537	1|0	0.421578,0.577844,0.000578
NA18550	1|0	0,1,0
NA18555	1|1	1.99995e-06,0.00299596,0.997002
NA18562	0|1	0.000999987,0.999,0
NA18563	1|1	0.009292,0.408416,0.582292
NA18582	1|1	0.00318,0.10664,0.89018
NA18603	0|1	0.000937988,0.937124,0.061938
NA18606	1|1	4e-05,0.01292,0.98704
NA18621	0|1	0.418,0.582,0
NA18622	1|1	0.00159,0.0798199,0.91859
NA18628	1|1	0.004512,0.202976,0.792512
NA18632	1|1	0.000192,0.051616,0.948192
NA18636	0|1	0.00300002,0.997,0
NA18647	1|1	0.000272,0.041456,0.958272
NA18942	0|1	0,1,0
NA18945	1|0	0.038376,0.900248,0.061376
NA18947	1|1	0,0,1
NA18951	1|0	0.00300002,0.997,0
NA18952	1|1	0.00108001,0.36084,0.63808
NA18953	0|1	0,0.988,0.012
NA18956	0|0	0.448788,0.451424,0.099788
NA18965	1|1	0,0.054,0.946
NA18970	1|1	3.99994e-05,0.02192,0.97804
NA18973	1|1	0.001016,0.255968,0.743016
NA18977	1|1	0.000242997,0.243514,0.756243
NA18987	1|1	0.000228,0.030544,0.969228
NA18990	1|1	0,0.017,0.983
NA18995	1|1	1.99995e-06,0.00299596,0.997002
NA19003	1|1	0,0.009,0.991
NA19010	1|1	0,0,1
