NA06985	1|1	0.000124,0.034752,0.965124
NA06994	0|0	0.948595,0.05081,0.000595
NA07000	0|0	0.893,0.107,0
NA07048	0|1	0.005,0.995,0
NA07056	0|0	0.596,0.404,0
NA07357	0|1	0,1,0
NA10847	0|0	0.929138,0.070724,0.000138
NA10851	0|0	0.992,0.008,0
NA11829	0|0	0.984,0.016,0
NA11830	0|0	0.994005,0.00599,5e-06
NA11831	0|1	0.078,0.922,0
NA11832	0|0	0.999,0.001,0
NA11840	1|0	0.011726,0.531548,0.456726
NA11881	0|0	0.919,0.081,0
NA11992	0|1	0.017982,0.981036,0.000982
NA11994	0|1	0.031,0.969,0
NA12003	1|0	0.019,0.981,0
NA12004	0|1	0.012,0.988,0
NA12005	1|1	0,0.014,0.986
NA12006	0|1	0.00599398,0.993012,0.000994
NA12043	0|0	0.99,0.01,0
NA12044	1|0	0.011,0.989,0
NA12144	0|1	0.018,0.982,0
NA12154	0|1	0.00300002,0.997,0
NA12155	1|0	0.00400001,0.996,0
NA12156	0|1	0.014985,0.98403,0.000985
NA12234	0|0	0.997002,0.002996,2e-06
NA12716	0|0	0.995,0.005,0
NA12717	0|1	0.010934,0.983132,0.005934
NA12751	1|0	0.130857,0.720286,0.148857
NA12760	1|0	0.012684,0.894632,0.092684
NA12761	1|0	0,0.999,0.001
NA12762	1|0	0.086913,0.912174,0.000913
NA12763	1|0	0.000997987,0.997004,0.001998
NA12812	0|0	1,0,0
NA12813	0|1	0.023,0.977,0
NA12814	0|0	0.999,0.001,0
NA12815	0|1	0.081918,0.917164,0.000918
NA12872	1|1	3.99996e-06,0.004992,0.995004
NA12873	1|1	0,0.221,0.779
NA12874	0|1	0.01462,0.72176,0.26362
