NA18526	1|0	0.01998,0.97904,0.00098
NA18537	0|1	0,0.668,0.332
NA18550	0|1	0.012,0.988,0
NA18555	1|0	0.009,0.991,0
NA18562	1|1	0.000441001,0.0411181,0.958441
NA18563	0|0	1,0,0
NA18582	0|1	0.000998987,0.998002,0.000999
NA18603	0|0	1,0,0
NA18606	1|1	3.59998e-05,0.011928,0.988036
NA18621	1|1	0.107584,0.440832,0.451584
NA18622	1|1	0.001089,0.063822,0.935089
NA18628	1|1	0.000603,0.074794,0.924603
NA18632	1|1	3.9999e-06,0.00399195,0.996004
NA18636	0|0	0.352836,0.482328,0.164836
NA18647	1|1	1.60001e-05,0.00796802,0.992016
NA18942	0|1	0,1,0
NA18945	0|0	0.996004,0.003992,4e-06
NA18947	1|0	0,0.999,0.001
NA18951	1|1	0.00101701,0.339966,0.659017
NA18952	1|1	9.99974e-07,0.00199797,0.998001
NA18953	0|0	0.385641,0.470718,0.143641
NA18956	0|0	0.662,0.338,0
NA18965	1|1	6.40003e-05,0.015872,0.984064
NA18970	1|1	0.000169,0.025662,0.974169
NA18973	1|0	0.000999987,0.999,0
NA18977	0|0	0.652864,0.310272,0.036864
NA18987	1|1	0,0.022,0.978
NA18990	0|0	1,0,0
NA18995	0|0	1,0,0
NA19003	0|0	1,0,0
NA19010	1|0	0,1,0
