NA06985	1|1	0,0.00800002,0.992
NA06994	0|0	1,0,0
NA07000	0|1	0.005,0.995,0
NA07048	0|1	0.00798402,0.990032,0.001984
NA07056	0|0	0.95,0.05,0
NA07357	1|0	0.005,0.995,0
NA10847	0|0	1,0,0
NA10851	0|0	0.999,0.001,0
NA11829	0|0	0.989,0.011,0
NA11830	0|1	0.215784,0.783432,0.000784
NA11831	0|1	0.025,0.975,0
NA11832	0|0	0.999,0.001,0
NA11840	1|1	0.010881,0.296238,0.692881
NA11881	1|0	0.24957,0.64186,0.10857
NA11992	0|1	0.011,0.989,0
NA11994	0|1	0.008901,0.980198,0.010901
NA12003	1|0	0.015,0.985,0
NA12004	0|1	0.000998987,0.998002,0.000999
NA12005	1|1	4.99993e-06,0.00598998,0.994005
NA12006	0|1	0.009,0.991,0
NA12043	0|0	0.990016,0.009968,1.6e-05
NA12044	1|0	0.00400001,0.996,0
NA12144	0|1	0.00399601,0.995008,0.000996
NA12154	1|0	0.013972,0.984056,0.001972
NA12155	0|1	0.014445,0.94911,0.036445
NA12156	0|1	0.028971,0.970058,0.000971
NA12234	0|0	1,0,0
NA12716	0|0	0.997,0.003,0
NA12717	0|1	0.00799202,0.991016,0.000992
NA12751	1|0	0.00695103,0.986098,0.006951
NA12760	0|1	0.018848,0.973304,0.007848
NA12761	1|0	0.004985,0.99203,0.002985
NA12762	1|0	0.00400001,0.996,0
NA12763	0|1	0.00598198,0.991036,0.002982
NA12812	0|0	0.997,0.003,0
NA12813	1|0	0.019,0.981,0
NA12814	0|0	1,0,0
NA12815	1|1	0.000371001,0.059258,0.940371
NA12872	1|1	8.40005e-05,0.0188321,0.981084
NA12873	0|1	0.00129598,0.647408,0.351296
NA12874	0|1	0.012467,0.947066,0.040467
NA12878	0|1	0.00397201,0.989056,0.006972
NA20502	0|1	0.00798402,0.990032,0.001984
NA20504	1|1	0.000153,0.025694,0.974153
NA20505	0|0	0.995,0.005,0
NA20506	0|0	0.996,0.004,0
NA20508	1|0	0.004995,0.99401,0.000995
NA20509	1|0	0.011,0.989,0
NA20512	1|1	8.39997e-05,0.019832,0.980084
NA20515	0|1	0.019,0.981,0
NA20516	1|1	0.00715999,0.36368,0.62916
NA20517	1|1	0.000321002,0.109358,0.890321
NA20518	0|0	0.705294,0.294412,0.000294
NA20519	0|1	0.00199797,0.997004,0.000998
NA20520	0|1	0.018753,0.968494,0.012753
NA20521	0|1	0.011,0.989,0
NA20522	0|0	0.999,0.001,0
NA20527	1|1	0,0.005,0.995
NA20534	1|1	0,0.00199997,0.998
NA20535	1|0	0.00997999,0.98804,0.00198
NA20538	1|1	9.80004e-05,0.020804,0.979098
NA20539	0|1	0.008937,0.984126,0.006937
NA20540	1|1	0,0.000999987,0.999
NA20541	0|0	0.998001,0.001998,1e-06
NA20542	0|1	0.00400001,0.996,0
NA20543	0|0	0.988,0.012,0
NA20544	1|0	0.015,0.985,0
NA20581	1|1	3.19995e-05,0.0179359,0.982032
NA20582	1|1	0,0.00599998,0.994
NA20585	1|0	0.012,0.988,0
NA20589	0|0	1,0,0
NA20752	1|1	0,0.00800002,0.992
NA20753	1|1	5.49998e-05,0.01589,0.984055
NA20754	1|0	0.00199997,0.998,0
NA20755	1|1	0,0.005,0.995
NA20756	1|1	8.40005e-05,0.0188321,0.981084
NA20757	1|1	2.99998e-06,0.00399401,0.996003
NA20758	0|1	0.00400001,0.996,0
NA20759	1|1	1.29998e-05,0.013974,0.986013
NA20760	1|1	2.40002e-05,0.010952,0.989024
NA20761	1|0	0.024975,0.97405,0.000975
NA20765	0|0	1,0,0
NA20766	1|0	0.105,0.895,0
NA20768	1|0	0.00185198,0.924296,0.073852
NA20769	1|1	2.89996e-05,0.029942,0.970029
NA20770	0|1	0.00800002,0.992,0
NA20771	0|0	1,0,0
NA20772	1|1	0,0.00400001,0.996
NA20775	0|1	0.009,0.991,0
NA20778	1|1	1.19998e-05,0.00797596,0.992012
NA20783	1|1	0,0.014,0.986
NA20786	0|1	0.009,0.991,0
NA20790	1|1	0.000108,0.020784,0.979108
NA20796	0|0	0.96903,0.03094,3e-05
NA20797	1|1	3.99996e-06,0.004992,0.995004
NA20799	0|0	0.511,0.489,0
NA20800	0|1	0.032,0.968,0
NA20801	1|1	0,0.005,0.995
NA20802	0|1	0.01497,0.98306,0.00197
NA20803	1|1	0,0.00599998,0.994
NA20804	1|1	0,0.035,0.965
NA20807	1|1	0,0.00700003,0.993
NA20808	1|1	1.29998e-05,0.013974,0.986013
NA20813	1|1	1.80001e-05,0.008964,0.991018
NA20818	1|1	1.19998e-05,0.00797596,0.992012
NA20819	1|0	0.005,0.995,0
NA20826	1|1	0.006342,0.454316,0.539342
NA20828	0|0	0.996,0.004,0
